[app/ui]
version = 9.0.3
modtime = 1674558280.849639000

[app/launcher]
version = 9.0.3
modtime = 1674558280.865837000

[views/homepage]
version = 9.0.3
modtime = 1675242366.690765000
